% f1 Sphere Function  -1400
% f2 Rotated High Conditioned Elliptic Function  -1300
% f3 Rotated Bent Cigar Function    -1200
% f4 Rotated Discus Function  -1100
% f5 Different Powers Function  -1000
% f6 Rotated Rosenbrock's Function  -900
% f7 Rotated Schaffers F7 Function  -800
% f8 Rotated Ackley's Function  -700
% f9 Rotated Weierstrass Function  -600
% f10 Rotated Griewank's Function  -500
% f11 Rastrigin's Function  -400
% f12 Rotated Rastrigin's Function  -300
% f13 Non-Continuous Rotated Rastrigin's Function  -200
% f14 Schwefel's Function  -100
% f15 Rotated Schwefel's Function  100
% f16 Rotated Katsuura Function  200
% f17 Lunacek Bi_Rastrigin Function  300
% f18 Rotated Lunacek Bi_Rastrigin Function  400
% f19 Expanded Griewank's plus Rosenbrock's Function  500
% f20 Expanded Scaffer's F6 Function  600
% f21 Composition Function 1  700
% f22 Composition Function 2  800
% f23 Composition Function 3  900
% f24 Composition Function 4  1000
% f25 Composition Function 5  1100
% f26 Composition Function 6  1200
% f27 Composition Function 7  1300
% f28 Composition Function 8  1400

function fitness_value=Benchmark_30D(id,dim,x)
o=[-8.604494 -13.109223 10.009632 -0.454948 -18.801504
    13.125138 -18.325372 -4.651236 18.233694 6.678644
    -16.180747 -8.418522 -15.076539 -16.816733 -13.046428
    8.120979 -7.917958 10.512607 -15.649702 15.655756
    11.567912 3.951575 -17.143994 8.516336 -10.515220
    -16.135505 -5.474534 13.185994 -16.985581 -1.282215
    -11.505639 13.829163 -7.142808 -13.415833 -14.572662
    6.232317 -5.513385 4.312553 6.869823 8.936262
    19.802140 6.031980 -17.187535 -17.665275 5.353513
    7.296784 -17.734458 -12.141012 16.682443 -5.006450
    10.755733 15.377842 -17.708301 -15.680073 -8.365107
    12.964158 4.559179 -9.652265 10.021560 13.441481
    3.071705 9.669161 -14.149938 -0.813131 19.644908
    15.552489 9.627098 -4.526534 2.722921 -12.752207
    5.578659 -6.621937 10.222425 -2.812943 17.196068
    16.361960 12.318505 18.043591 -6.824244 10.282973
    -6.050885 -10.782242 16.582101 10.313056 8.245392
    -9.918710 -1.803979 3.269215 -8.741562 -8.166798
    5.520711 8.545352 -16.719648 12.310945 -10.577121
    18.447217 -9.920281 -6.069156 -5.651671 -1.287462
    -4.813062 -5.720909 -10.055134 8.574314 -13.559127
    -4.324001 -13.043427 8.439084 -19.000187 -9.828040
    6.500681 -11.603086 -6.926294 -12.567298 1.218169
    -4.476831 -9.152157 -3.479848 8.517734 15.839531
    -7.596509 -2.896509 2.726513 1.188155 2.413191
    6.579460 6.042652 10.484260 -4.339537 7.573187
    17.226948 -4.305911 10.462063 13.632041 12.222174
    -6.579823 -15.392881 -12.388032 -4.255906 -10.984356
    -0.299267 7.699753 1.110966 17.558471 -16.302169
    -7.136649 -0.318597 -7.826916 4.164727 -3.329052];
M1=[0.025438705632519500	0.027287094150185500	0.047038238940790500	0.247510691017284000	0.170564877225484000	0.080401259532007100	0.039478573492190700	0.126564935420080000	0.042466308473986400	0.112788914245631000	0.124053987094370000	0.109082251888015000	0.058373656904485400	0.172309832202819000	0.029596808085825900	0.380930779980033000	0.382272393549524000	0.042528872056104500	0.100068480133230000	0.409594860818689000	0.007898416971709290	0.150472334967763000	0.236404825531591000	0.207346032458398000	0.233887420324675000	0.208474975169015000	0.173995033131779000	0.181809856626226000	0.130736116084621000	0.187648836559181000
    0.005071697229650380	0.124839270888878000	0.139488695408647000	0.057376432235862200	0.321123953221312000	0.377089041035256000	0.034636142833422100	0.327312807077380000	0.015239983566718400	0.050118177313730000	0.090009015198084600	0.089448384363837200	0.234401594945024000	0.163427856484938000	0.016749609738087400	0.243692386613267000	0.020447729747970800	0.034040767515120900	0.118305033166496000	0.343777811680734000	0.145302060326343000	0.175861999955265000	0.013209234092236300	0.037527939982076000	0.389857304929267000	0.195857874356538000	0.046479051685935600	0.106851428094678000	0.050117905773414300	0.232393445473851000
    0.096345770230801900	0.458128599578605000	0.083470312944776800	0.102350499766221000	0.009343046025833700	0.114484643662552000	0.031838475159333300	0.162715766540786000	0.219283913098606000	0.102345839264855000	0.038798020560339600	0.052095162063492600	0.259604253725700000	0.117433724661609000	0.045172702798474200	0.181954317276675000	0.022159043973879300	0.163646799537561000	0.002723327358794600	0.147406365067522000	0.103905227279136000	0.451526131280724000	0.107982932466444000	0.291102427615031000	0.090729433330921300	0.039691978174271100	0.000104881885976779	0.224545360846809000	0.247700599797998000	0.248862212470443000
    0.333533943529546000	0.036078695879534600	0.476554593277457000	0.099094723880598500	0.096405479225274200	0.086977688076688800	0.172019479055129000	0.101468874497079000	0.168738239734359000	0.003009029916857790	0.096162204798648400	0.232620648798885000	0.388676205698000000	0.055360301265719800	0.042458578391001000	0.308567677444168000	0.080577157869797000	0.020466327011329900	0.019247279873025300	0.009477927941589990	0.260860178520982000	0.068955811329381100	0.348605195417032000	0.036058519548434800	0.001197031124203070	0.076628729516894200	0.074379414331329100	0.090367155105399800	0.158156468185284000	0.056619644975861000
    0.128724879173894000	0.120512460297471000	0.341058786029446000	0.242900672382201000	0.210638812152823000	0.332057245162790000	0.217535781218036000	0.100242364564891000	0.173787347281551000	0.036957981543362100	0.256743138499640000	0.128033016108683000	0.012475672408492800	0.093436126758183300	0.024190857559238000	0.067038849262885800	0.013506476717143400	0.046848270327996100	0.078063449372983000	0.056172908455195100	0.039188930267176800	0.096633411443512000	0.238476390413246000	0.078776092875008400	0.026305974732178800	0.173547944968551000	0.420719336336901000	0.164494414243900000	0.146202231185352000	0.334536804994179000
    0.095265211112953600	0.081334410106385200	0.012113232055966400	0.133926032600594000	0.183722728907430000	0.259774637810119000	0.027703680205199000	0.246526258691133000	0.098741846240625400	0.117577303160889000	0.058045180230315100	0.145148938718385000	0.118380639229418000	0.045266735017456700	0.122723159261567000	0.006304425926067190	0.263891718014476000	0.217600855651235000	0.490711115517761000	0.087029798869389500	0.275200650197816000	0.078571659066792200	0.176606140595994000	0.329456618978449000	0.009948669894445080	0.138581739500942000	0.321500612450120000	0.042127033506160900	0.112557950407436000	0.012640921446957500
    0.150361703096864000	0.038387770151311300	0.179236319391522000	0.140368836323997000	0.053772487940437000	0.203739213185482000	0.154824378470957000	0.027631820469565400	0.097450943115823000	0.075096190002114100	0.097678050218688100	0.044903783748242500	0.301154658009623000	0.005286277417661490	0.426173550970943000	0.099435936752057600	0.322072533179749000	0.146792267918283000	0.202698953973347000	0.081791696687507500	0.124510727574534000	0.199694524871626000	0.376607684544766000	0.190233172967466000	0.056769054042641100	0.246358691417107000	0.144522072984649000	0.134780938306951000	0.092618189470469100	0.167398355815097000
    0.011666239692355300	0.077823864326421900	0.059515770965087700	0.100726547135593000	0.124870082543081000	0.191963676096708000	0.350452488862444000	0.038215438412534100	0.351993597269650000	0.026952181873705000	0.067424289751642400	0.362553475569140000	0.014973664799702000	0.285544470892962000	0.007848880977472460	0.089205156699961800	0.267820897385598000	0.062409790453147900	0.091737287084539200	0.021882596358797600	0.132252174581136000	0.169713928758502000	0.248472756565019000	0.237733941479717000	0.257314533375380000	0.193096097745926000	0.085937027826380200	0.303768729405324000	0.000022912555047442	0.027906287304280600
